survival_rate_male: 0.2052980132450331
avg_age_survivors: 28.343689655172415
survival_rate_female: 0.7547892720306514
total_passengers: 714
